Name: spring
0.047445275
-0.88183635
0.41014263
0.9057118
-0.648457
0.118801214
-0.13839954
0.21092537
0.23849219
-0.87006676
-0.18759768
0.51000476
-1.5217412
-1.2223307
0.43248606
-1.0668854
-0.46133104
0.49489743
-0.4105151
0.032018945
-0.123331115
-1.4093306
0.8146741
-0.1702091
-0.40055853
-0.7943373
0.4127065
0.049252775
1.0281348
-0.217604
-0.2055971
0.17779893
-0.6710941
-0.16735318
-0.42557606
-0.02723779
0.1827576
0.512225
0.9205383
0.66249883
-0.18205997
1.8175443
-0.3794021
-0.87155396
0.9410637
-0.6098514
0.03351333
-0.8517192
0.21132642
1.2581007
-0.11811856
0.2686595
0.8444873
0.24213345
-1.0200173
-0.5982808
-0.55775815
0.55856645
1.2515004
-0.055704374
1.7271843
-0.15862797
0.6975129
0.14677642
-0.58880097
-0.14424057
-0.18052734
-1.2629707
1.1399268
0.2526307
-1.5078924
1.9497157
0.08832802
0.74891067
-0.21805196
0.4251515
0.3051873
0.25203338
-0.2682595
0.67435163
-0.3739113
-0.4897147
-0.04475417
-0.1586276
-0.04035368
0.6353548
-0.94637865
-0.005284234
0.36261123
0.8321883
-0.9717624
0.1301272
0.6651516
-0.40645558
-0.7526175
-0.49794188
-0.07912515
-0.49464452
1.2456436
0.41882744
0.07610098
0.4446992
0.5439027
-0.254388
-0.43983918
-0.38989037
-1.3853382
0.16737849
0.21548891
0.5226582
0.3206142
0.30045083
0.17561582
0.34084103
-1.3654841
-0.13622965
0.08734525
0.35906246
-0.7772379
0.7011946
0.14354394
1.7324641
-0.0456166
-0.2240798
-0.2410317
0.61294097
0.028780503
-0.81764406
-0.23615335
1.0559199
-0.48490334
-0.09482832
-0.15372714
-0.5499627
-0.45436737
0.37851265
0.29582745
-0.67411155
0.42660627
-0.30973563
-1.5667286
-0.33412203
0.9430622
-0.30404422
0.97990495
-0.34622985
0.076754056
1.391944
0.4452958
-0.7261056
-0.48589677
0.019928627
-0.2602752
0.03345026
-1.1424814
0.550814
-0.73568624
-0.55095977
-0.8058412
-0.15778118
0.31483194
0.626176
-0.6584823
0.44264877
-0.7255386
-1.3002185
-0.8865532
0.318565
0.13945188
0.13773307
-0.630764
-0.59968555
-0.009981918
-0.43803725
-0.77695787
0.60939854
0.015867075
-0.11163012
0.17986819
-0.6288051
0.29507107
0.06160709
-0.26451883
0.13491
0.294151
-1.2867107
0.046816345
-0.19127621
2.0254416
0.11827585
0.17475376
0.54593474
0.36483285
0.7808663
-0.10777839
0.11084295
-0.9810391
0.06775238
0.32075086
1.1527035
0.46446466
0.6723502
-0.1463843
0.84740835
-0.123764105
-0.04528556
0.30020854
-0.7780486
1.1845912
0.8583843
0.33612537
-0.09680775
0.15113963
0.21136457
0.6347025
1.3341922
0.5591465
-0.12012498
0.17823198
0.55996585
0.8078983
-0.12320953
0.56007594
0.07390467
-0.2794832
0.19502385
1.7205026
0.5184266
-0.06338278
0.55580354
0.48202476
-0.4454106
0.17130652
0.40374237
-1.2321535
-1.7989074
-0.72835475
0.4408193
0.915352
0.52095103
-0.9249682
-0.76778334
-0.09167589
0.18945432
-0.8710912
0.15579224
-1.0375211
-1.7601074
-0.9454283
0.26842785
-0.23544505
0.40349895
-0.062106002
0.3822938
0.025030496
0.6595049
1.4544111
-0.41879517
0.050851684
0.57396144
0.22162886
-0.84587765
-0.36142647
0.14441353
-1.0088903
-1.291034
0.120164886
-1.2332376
0.21433926
0.6160729
0.0647954
0.6664419
0.030244006
-0.17230834
-0.7346841
0.2960409
-0.48892772
0.15382877
-0.4127981
1.3611641
0.5715489
-0.5422115
0.32860652
-0.34940645
-0.6208083
1.0251291
0.023962583
0.0036864758
0.12943551
0.405725
0.6720944
-0.75467104
-0.042350825
1.6499444
-0.02451679
-0.90192616
0.17855582
0.045797717
-0.06346623
-0.1436643
0.20285602
1.0542397
0.2982701
-0.026110636
-0.31357875
-0.49643728
-0.6983074
-0.5127228
0.78032535
-0.15088457
-1.3315504
0.46775824
0.5969213
0.55701566
0.42367393
0.13357006
-0.7349513
0.50973576
-0.12546414
-0.4582366
-0.8534162
1.0158345
0.65637577
0.28629264
-0.507311
0.8010167
1.0773839
0.3573295
0.020138327
-0.91566813
0.0668776
0.26594052
0.041082058
0.09766424
0.12676653
-0.41745812
-0.8122141
1.6791606
-1.2118887
1.0706524
-0.082727805
0.27325174
-1.2583535
-0.07839365
-0.017062305
0.72297454
0.46518975
-0.10021894
-1.1890255
1.7320033
0.06727373
1.1207213
-0.6360635
0.57100695
1.076922
-1.3756864
0.42716023
-0.5232466
0.12655433
1.1887534
-0.0021746128
0.70614266
-0.6993844
-0.6816844
0.24528465
0.68180317
-0.29040986
-0.25256312
-0.17534064
-0.14149956
-0.2655487
-1.3937249
1.1382442
0.29162917
1.0572562
-0.876453
0.24773589
1.6065341
-0.36198455
0.17378192
0.014219044
0.39128894
-1.506091
-0.6323489
0.36031953
1.731838
-0.11434231
-0.622326
-0.4118914
0.64638585
0.1524429
1.0301045
0.19966538
0.3151748
-0.85999787
0.35119298
0.7042845
0.7055775
-0.8353866
0.6699461
-1.9288902
0.7577625
1.1362395
-0.15332861
0.3294794
1.1447563
1.8586024
0.9006112
-0.46298495
0.9272871
-0.09037723
0.3877491
0.7967644
-0.5482983
0.75562924
1.3134061
-0.9599228
-0.047103696
0.34845093
0.06789656
0.15717348
-1.5379852
1.2206082
-0.3912676
-0.24101548
0.56373066
-0.8813845
-0.46170563
0.06942178
-1.4813383
-0.6763207
0.11594709
-0.94729835
-0.20658678
1.3484033
0.6963038
-0.41636762
-0.12651114
-0.7314291
0.06786754
0.9118133
-0.12100932
-0.5703957
0.19942479
-0.07953017
-0.1749925
0.3549921
-0.28893405
-0.62623584
0.1670956
0.7637803
1.1519566
-0.078547016
-0.34070864
-1.1635288
-0.67890763
-0.87203515
0.19344838
0.16064984
0.22766243
-0.042461906
0.13511576
-0.13195929
0.31148103
-0.5115376
-0.07688285
-0.57751834
-0.34879413
-0.50807786
0.48618725
-0.3191263
-0.9470756
-0.069330916
0.9489996
-1.3658803
-0.5588426
0.66677696
1.1483129
-0.5278018
0.40112787
0.4088765
1.400723
0.5114481
-0.9398379
0.07727989
-0.947728
0.23953795
-0.58788216
-0.86859155
-0.3355589
-0.8378003
0.59048563
-0.26964334
0.6968543
-0.40927616
0.2876948
0.43019763
0.29024738
0.3668715
0.6569882
-1.1946872
0.46286765
0.27658144
0.6706127
1.1725018
0.15831658
-0.42708164
-1.3220432
0.7160099
-0.90035814
-1.5447176
0.034319464
Name: ache
1.2471778
-1.3283715
-0.5664709
0.2844308
-0.37932688
-0.03688194
-0.10837195
0.8427251
1.1061618
0.43520507
0.1321274
0.100784585
-0.7174475
-0.05027104
-0.42612413
0.37025812
-0.3192095
-0.28534618
-0.98940223
-0.2213909
-0.10847403
-0.43347898
1.1827611
0.3964318
-1.1424928
0.4136462
-0.5144197
-0.21731871
0.1200577
-0.13265337
-0.26453367
0.76813847
-0.8619741
0.45916048
0.046690267
-0.111127086
-0.051785216
0.877353
1.0436219
-0.56235164
-0.1370774
0.30487242
-0.49030843
-0.32141033
-0.22571498
-0.102142274
0.9765413
-0.44426474
-0.49127397
-0.3434208
-0.24170524
-0.30519262
-0.30475965
0.23063438
-0.35089877
0.115560345
-0.3402006
0.1682859
0.04414389
0.14110664
-0.114407934
-0.41929752
-0.5072923
-0.5549931
0.38793385
0.58110774
1.0336174
0.011136511
1.0777482
-0.010530584
-0.6473002
0.09441244
-0.18223217
0.3861696
-0.068717524
-0.5368816
0.020609729
-0.12933177
0.43175626
0.57163846
-0.27724323
0.2985837
1.6748177
-0.10616232
0.32781473
-0.35199305
-1.1743145
-0.2162841
-0.32201272
0.21647458
-0.44086248
0.4995897
0.8515565
-0.15591878
-0.10899181
0.92178273
-0.52750283
0.15907767
-0.09998786
-0.82789737
-0.20545089
-0.22245684
0.28675324
0.6509668
0.5728254
-0.69393486
0.09669165
-0.39453977
0.49961084
0.47608548
0.46804464
-0.87153125
-0.4824341
0.25146154
-0.18698981
-1.2314
0.44932595
-0.5908834
-0.3900072
-0.23154902
-0.80640835
0.82674265
0.08734197
-0.15023981
-0.124167845
-0.19896398
-0.06460266
-0.47819224
-0.28497848
0.7118989
-0.9073997
-0.23833941
0.2135419
-0.8264451
1.3425508
0.019612199
0.3651384
-0.18677644
0.25790966
0.5665326
0.08164892
-0.21461569
-0.33655736
0.5525241
0.04524214
-0.81747365
-0.5811236
0.72164476
0.2955581
-0.058201134
-1.3267602
0.27115834
-0.6653593
-0.33056167
0.62830776
-0.82917094
0.09988512
0.62911165
0.23860419
-0.8876563
0.107587
-0.34677204
-0.05021414
-0.37003213
-0.2969028
0.1864633
0.0891173
0.8524859
0.28458825
0.14846288
-0.09798507
-0.9878695
0.4468108
0.48858058
-0.3835214
-0.76906544
-0.040773284
-0.61694074
-0.77750605
-0.8177076
-0.22868097
-0.5473745
0.49427125
0.21845108
0.19909981
-0.2972623
0.6309296
0.79827213
1.0568995
0.7566284
0.13236497
0.70639485
0.31930155
0.3626701
-1.0042951
0.49204656
-1.9960337
-0.023217686
-0.9075545
-0.13503966
0.60490483
0.11339178
-0.3360277
0.25653428
0.4099004
0.31072554
0.22106592
-1.033057
-0.38222483
0.20863916
0.3645938
-0.4994938
-0.25345385
0.90664315
0.95604205
1.0440743
1.0915127
-0.36265364
0.4978133
0.73631185
0.76320255
-0.053606294
0.8917883
0.40072724
0.49253452
0.25755382
1.1493646
-0.16949278
0.55887073
-0.24957316
0.5725668
-1.2964982
-1.407336
1.2781553
-0.26316378
-1.3510282
-0.09043183
-1.6241741
1.5621198
-0.07015451
-0.1742547
-0.06821495
0.37854993
-0.10947492
-1.2675257
-0.17104907
0.2158408
-0.39518937
0.47266066
-0.6883893
-1.2208043
-0.21108697
0.26364797
0.117980845
0.8561969
0.96930254
0.7668658
0.33030045
-0.5570562
-1.1385049
-0.30404153
-0.18744291
0.26659235
-0.519222
-0.55663866
-0.47057623
1.0953815
-0.54238683
0.66035056
-0.056002863
0.57252926
0.62536913
0.48686364
0.04999964
-0.28473738
0.43807498
-0.8474319
0.40110606
-0.26905122
-0.3021202
-0.14628708
0.6535757
-0.15250067
-0.12580003
0.1871254
1.172178
0.29817843
1.1306788
0.44885135
0.33893204
-0.39603132
-0.18709645
-0.61442363
-0.36462528
0.5022456
-0.7612085
0.5692451
-0.45496315
-0.7353269
0.4352109
0.6760361
0.91470957
-0.69475454
-0.37487748
0.7249649
0.31726468
0.90293574
0.63738817
0.018137949
-0.39518958
-1.2497996
-0.2931704
0.55369604
0.5968062
0.2269265
-0.1511685
0.08223663
0.2967022
0.18476519
0.037154067
-0.68227804
-0.36385694
-0.2923917
0.30212736
-0.7763373
-0.32090387
0.116435386
-0.540049
0.31034413
-1.2475132
0.32825795
-0.9197212
0.47209957
-0.477404
-0.3817224
0.20199648
0.27286494
0.28378206
0.37561888
0.5766945
0.2343691
0.107885435
-0.9295735
0.65923727
-0.72887903
1.3341167
0.5006255
0.21916814
-1.2177689
0.16445768
0.086582184
-0.47708493
0.22674489
0.65865916
-0.629049
0.8878376
-0.6995551
0.12030229
0.26718915
0.3625226
0.63529354
0.54269856
0.5020026
0.038387604
0.7943952
-0.33545783
-0.72707427
0.57461643
-0.37490636
0.026807345
-0.4002921
0.94069237
0.5291193
-0.5572899
0.4491595
-0.39294195
-1.3917495
-0.3439426
0.61644185
-0.1786841
-0.6012228
-0.25327826
-0.9324879
0.3222974
0.43649992
-0.20301582
0.655034
-0.6026199
-1.110619
1.0018935
-1.3501267
0.28906906
-0.21884592
0.053371187
0.07570014
-0.5005826
1.1365278
1.0836874
0.5755328
0.6449987
-1.547121
0.08920975
0.6169108
0.14309016
-0.66567117
0.36415648
2.1655307
0.87567663
-1.3794647
-0.6032888
0.7938312
0.67151654
-0.8987568
0.28879708
0.7011929
0.21524209
-0.64903456
0.5454357
0.008672748
1.2219667
-0.7635128
-0.15763512
0.3664766
0.07545774
0.30347243
0.40607402
-0.5394367
0.1173418
0.29497784
-0.72009355
-0.14637011
0.19383223
-0.15023111
-0.04449374
0.56853056
0.41013095
-0.33830318
-0.3661404
0.07823534
1.0481095
0.8429549
0.087711185
0.022699183
-0.04649505
-0.24264926
0.17033666
-0.8308091
-0.773159
-0.94771993
0.7298021
1.004958
-0.24013042
0.8846644
-1.0733434
0.16689925
0.08848212
-1.4454404
0.81091434
-0.6729231
0.17614016
-0.5826396
0.2750697
1.2362536
0.6793328
0.252922
0.90879977
-0.28463238
-0.050938666
-0.4215809
-0.8001256
-0.25966296
0.44552267
-0.46707845
0.4967256
-0.22835486
-1.5082171
1.3670087
-0.7636468
-0.102937795
-0.7249801
-0.31331223
-0.6308789
-0.240181
-0.28725252
0.65106624
0.96846324
0.21261424
-0.24375498
-0.16202009
0.051101852
-0.81911206
0.05501245
0.6139934
0.16515042
0.42449632
-0.3496009
-0.09156648
0.2913789
0.76889455
-0.13594425
-0.8410357
0.45342535
0.9006863
0.7022318
-0.34734124
-0.3529816
0.030313412
-1.1321859
-0.6149802
-0.94073546
-1.2816174
-1.3170904
Name: tea
-0.052825782
-0.8060615
0.6945058
-0.028876927
0.8147655
-0.47263756
-0.05799075
-0.20149733
-0.16184075
-0.7444765
-0.13741753
-0.060103957
-0.73744196
0.45793685
0.005518148
-0.09106806
-0.5332089
0.88177323
-0.2601739
-0.07869518
0.57006776
-1.2581422
1.4915396
0.347815
-0.9843912
-0.63369286
0.72907186
0.6449563
0.35397846
0.23744321
0.87533593
0.3858518
-0.49446616
0.9532722
-0.038474314
0.59291285
-0.5875355
0.26625514
-0.026832683
-0.058542807
0.16720138
1.2597134
-0.6433277
-0.35783577
-0.16792528
-0.17223853
0.37521234
-0.3258506
0.687685
-0.38628528
-0.7116366
-0.281127
0.47114182
0.4620023
-0.43586263
0.20060252
-0.30203545
-0.1845991
0.77289164
0.15076457
0.41602582
0.43476143
-0.17982532
-1.0479013
-0.23055093
-0.22463585
0.63955945
0.6403863
-0.30765855
0.051224567
0.03307483
1.0555842
-0.9806797
1.4975759
-0.4365063
-0.154392
-0.47140923
0.71120095
-0.08383231
1.6490347
-0.24532391
-0.943978
-0.08291498
0.45064202
0.6466482
0.33658552
-0.7696778
0.0035238112
0.040228106
0.74172336
0.29196674
-0.124599464
1.6966996
-0.40360168
-0.018501071
0.41372088
-0.2893113
-0.6657017
0.6531177
0.08645538
0.26383734
-0.3981332
0.2345049
0.055634357
-0.080058046
-0.045706198
-0.63670546
-0.5770212
0.88569957
0.4070579
0.78034246
-1.3675025
-0.23194416
-0.6978293
-0.2736216
0.4532788
-0.6778124
0.26361302
0.008029041
0.19110087
0.31985983
-0.08725466
-0.1430387
0.022881346
0.024230089
0.54114425
-0.7426567
-0.7222779
-0.10492924
0.93128264
-0.93786883
-0.67435586
0.5625671
-0.64551646
0.32155544
0.88350827
-0.81100684
0.3233383
0.722842
-0.63922304
-0.90484434
-0.16591398
1.0154204
0.29300225
-0.091097
0.11606608
-0.11648972
0.33808905
0.73769826
0.4594268
-0.83137125
0.18941715
0.0487665
-0.54765964
0.7713782
0.08071873
0.5749733
-0.7131272
-0.021914339
-0.51442724
0.36415586
0.7713541
-0.95731884
-0.0684411
0.6809799
0.64857185
-0.4608949
0.3462051
-0.11723922
-0.38014963
0.5803535
-0.22283532
0.09814305
0.291896
-0.5422236
0.2876226
-0.19064713
-0.6529045
0.44463208
-0.539015
0.9192059
-0.40870583
-0.082674265
1.1561301
-0.563466
0.067062534
-0.13749553
0.4768915
0.46751717
0.589086
-0.15786712
0.26981106
0.24303801
0.0005670339
0.57155913
-0.1395982
-1.1367823
0.52298963
0.2820636
-0.26241726
-0.07690139
0.093577094
-1.1972373
-0.16376339
1.1668106
-0.4352522
0.1125674
0.50725096
0.16698183
-0.35920763
-0.45464006
0.11796257
1.2530255
-0.08283066
0.7596529
0.17987081
0.86818665
-0.487671
-0.15543222
-0.0005222251
0.5251729
-0.4021314
0.41661978
-0.52553946
-0.53640074
0.23128672
0.1947816
0.11777322
-0.36867005
-0.57736796
-0.4931522
-0.9660185
0.29530182
0.12761018
0.05796228
-0.96434057
-1.0210625
0.37909895
0.098330036
-0.16606651
0.018391877
-0.151615
0.19036253
0.6442844
-0.16210255
-0.6087982
-0.64994043
-0.69283485
-0.116864055
0.19211748
-0.6564667
-0.20299412
0.35195783
0.12153652
0.92420727
0.7734818
0.4862534
-0.16809465
-0.72254384
0.061326306
0.22634573
0.10962822
0.03852171
0.53455514
0.53204286
0.37175933
0.84377784
-0.77346885
0.09369626
0.3801276
0.6171655
0.41915068
0.2965062
-0.12525418
1.1809125
0.5441639
-0.4459748
0.86507696
0.090741
0.86495644
0.060327906
0.7417128
0.3573958
0.15267405
-0.49613813
0.12610814
-0.7084619
0.05049566
0.085460514
-0.118741855
0.63401926
0.06484143
0.3311974
0.6133544
0.586317
-0.18767723
-0.13437024
-0.097675495
-1.2182072
0.079983905
-0.29990605
0.51854455
-0.42807356
-0.43049055
0.43762478
-0.10740226
-0.54174936
0.58817524
-0.41334713
0.1733995
0.2562828
0.12514372
0.089054614
-0.69641393
0.40226644
-0.35642567
-0.07172759
0.11203575
0.39949515
-0.35761836
-0.03172736
0.039462794
-0.048428334
0.54638326
-0.5620386
0.65116113
-0.02359616
-0.016139625
-0.6705739
-0.535959
-0.43682656
-0.3980004
0.121832035
0.3414463
0.7409499
-0.4369316
-1.0326992
0.9804011
-0.70075446
0.28449687
-0.4588755
0.2697463
-0.5255172
0.038414065
0.38762626
0.6198146
1.2314167
0.183407
-1.0564656
0.03847881
-0.32396433
0.41462213
-0.25223282
-0.020578811
0.054448765
-0.8458379
0.52762425
0.27905175
-0.012175114
0.2530585
0.34215063
0.5552989
-0.5394032
-0.24018213
-0.0482262
0.41920152
-0.9434826
0.21696122
-0.46620113
0.22247131
-0.03752842
0.11687985
0.094731055
-0.24393423
-0.2230101
0.81706697
0.23474531
-0.33147404
-0.08793351
0.014731216
-0.1774524
-0.06065975
1.2739128
0.18438593
-0.23877151
0.3376687
-0.71487206
-0.5496967
-0.47374767
-0.51314765
-0.63372695
-0.1180689
0.04938099
-0.07531346
0.15304095
-0.05941683
-0.30254525
0.3838833
-0.06495556
-0.13366248
-1.0718809
-0.25197837
0.4831308
-0.23923947
0.25013122
-0.07716245
0.73414546
-0.03666222
-0.04355779
0.70550984
0.55189425
0.12900251
0.9392326
0.40754616
0.6040144
0.3828064
0.14433774
0.11606991
-0.2274306
-0.8272386
0.7300524
-0.21907443
0.40241253
0.916614
0.7493992
-0.3180628
-0.04242925
-0.2894623
0.5633366
0.38826466
-0.47301948
0.36435652
0.3176517
-0.42445412
0.56040055
0.3383061
0.843158
-0.1320186
-0.15387349
-0.6353484
-0.29376855
0.19966947
0.15831728
0.551039
-0.48880112
0.7161495
-0.6226904
-0.05504034
-0.21074216
-0.105069235
-0.514499
0.48998985
-0.12422338
-0.5632917
-0.2364151
-0.06920086
0.1683308
-0.2440424
-0.85244375
-0.24185859
-0.47212717
-0.0022525212
-0.34227952
0.5530394
-0.24566188
-0.88533056
0.14004308
-0.22993484
-0.1059409
0.20738554
-0.48275372
0.11223759
0.6951752
0.77032214
-0.46357033
0.0666782
-0.25211948
0.31121096
-0.15566798
0.5027379
-0.89649117
0.5554936
0.5818594
0.28301612
0.96636504
-1.2880892
0.5810462
-0.15257454
-0.05997545
-0.22282307
-0.9080278
-0.10548941
-0.24997005
0.40140152
0.50625896
-0.11333006
0.68039376
0.75548875
-0.46938747
-0.2174573
0.35548887
-0.7825457
0.032384444
0.6094701
-0.16999437
-0.51844156
0.044029675
-0.36652073
-0.08359108
-0.004843088
-0.6172171
-0.22658545
